# src_chip  dst_chip  src_pe  dst_pe  inject_cycle
# 176 entries, 16 chips x 16 PE, 5 timesteps
0  1  1  8  2000
0  1  3  3  2000
0  1  6  13  2000
0  1  7  2  2000
0  1  10  6  2000
1  2  7  12  2000
1  2  8  11  2000
2  3  5  7  2000
3  4  2  5  2000
3  4  12  1  2000
3  4  15  10  2000
4  5  4  4  2000
4  5  14  1  2000
5  6  11  8  2000
6  7  0  8  2000
6  7  4  9  2000
6  7  15  11  2000
7  8  3  2  2000
7  8  4  15  2000
7  8  8  15  2000
8  9  8  0  2000
8  9  12  1  2000
9  10  0  7  2000
9  10  10  13  2000
9  10  14  3  2000
9  10  15  10  2000
10  11  1  6  2000
10  11  11  0  2000
11  12  3  12  2000
11  12  4  12  2000
12  13  3  15  2000
12  13  8  5  2000
12  13  9  2  2000
12  13  12  7  2000
12  13  14  2  2000
13  14  11  14  2000
13  14  14  6  2000
14  15  0  11  2000
14  15  10  9  2000
14  15  12  4  2000
0  1  9  13  4000
0  1  11  10  4000
1  2  2  2  4000
1  2  5  1  4000
1  2  8  4  4000
1  2  9  11  4000
2  3  0  13  4000
3  4  3  15  4000
3  4  10  6  4000
3  4  13  8  4000
4  5  3  8  4000
4  5  7  13  4000
4  5  12  6  4000
4  5  15  6  4000
5  6  1  10  4000
5  6  4  9  4000
7  8  1  7  4000
7  8  5  7  4000
7  8  15  0  4000
8  9  10  4  4000
10  11  0  9  4000
10  11  4  4  4000
10  11  8  13  4000
10  11  11  13  4000
10  11  15  12  4000
12  13  8  13  4000
12  13  9  14  4000
13  14  6  11  4000
13  14  8  1  4000
13  14  12  4  4000
13  14  15  6  4000
0  1  9  13  6000
0  1  11  10  6000
0  1  12  13  6000
0  1  14  11  6000
1  2  14  14  6000
2  3  3  10  6000
2  3  11  6  6000
2  3  12  13  6000
3  4  3  7  6000
5  6  1  1  6000
5  6  5  15  6000
5  6  6  0  6000
5  6  11  15  6000
5  6  12  2  6000
5  6  14  1  6000
6  7  2  7  6000
6  7  3  13  6000
7  8  6  0  6000
7  8  10  9  6000
8  9  9  5  6000
9  10  9  7  6000
10  11  1  5  6000
10  11  9  11  6000
10  11  12  5  6000
12  13  7  7  6000
12  13  10  13  6000
12  13  11  3  6000
12  13  13  4  6000
14  15  6  15  6000
0  1  1  15  8000
0  1  9  10  8000
2  3  0  2  8000
2  3  5  3  8000
2  3  8  5  8000
2  3  11  1  8000
2  3  14  13  8000
3  4  2  12  8000
3  4  6  14  8000
3  4  14  11  8000
4  5  7  12  8000
5  6  2  15  8000
5  6  14  3  8000
6  7  5  9  8000
7  8  6  7  8000
7  8  14  3  8000
8  9  5  7  8000
9  10  0  1  8000
9  10  4  4  8000
10  11  11  8  8000
10  11  13  14  8000
10  11  14  6  8000
11  12  1  10  8000
11  12  3  6  8000
11  12  4  6  8000
12  13  0  0  8000
12  13  1  11  8000
12  13  6  13  8000
12  13  12  7  8000
12  13  14  9  8000
13  14  1  15  8000
13  14  4  14  8000
13  14  5  2  8000
13  14  7  4  8000
14  15  0  3  8000
14  15  11  13  8000
0  1  1  2  10000
0  1  2  3  10000
0  1  5  1  10000
0  1  9  11  10000
0  1  14  9  10000
1  2  5  11  10000
1  2  6  8  10000
1  2  14  8  10000
1  2  15  8  10000
2  3  3  4  10000
2  3  6  0  10000
2  3  7  6  10000
3  4  2  2  10000
3  4  9  13  10000
3  4  10  15  10000
3  4  15  6  10000
4  5  2  8  10000
4  5  4  15  10000
4  5  12  1  10000
4  5  15  10  10000
5  6  4  0  10000
5  6  12  13  10000
6  7  5  6  10000
6  7  12  6  10000
7  8  0  15  10000
8  9  1  14  10000
8  9  3  9  10000
8  9  4  2  10000
9  10  1  3  10000
9  10  5  5  10000
9  10  6  14  10000
9  10  15  10  10000
10  11  0  3  10000
10  11  8  4  10000
10  11  13  2  10000
12  13  0  2  10000
13  14  1  11  10000
14  15  7  8  10000
14  15  8  15  10000
14  15  11  3  10000
