# src_chip  dst_chip  src_pe  dst_pe  inject_cycle
# 136 entries, 4 chips x 64 PE, 5 timesteps
0  1  1  35  2000
0  1  3  13  2000
0  1  6  54  2000
0  1  7  11  2000
0  1  10  25  2000
0  1  23  48  2000
0  1  24  44  2000
0  1  37  29  2000
0  1  50  21  2000
0  1  60  4  2000
0  1  63  40  2000
1  2  4  17  2000
1  2  14  6  2000
1  2  27  34  2000
1  2  32  33  2000
1  2  36  38  2000
1  2  47  46  2000
1  2  51  10  2000
1  2  52  62  2000
1  2  56  60  2000
2  3  8  2  2000
2  3  12  7  2000
2  3  16  30  2000
2  3  26  55  2000
2  3  30  12  2000
2  3  31  43  2000
2  3  33  24  2000
2  3  43  1  2000
2  3  51  48  2000
2  3  52  49  2000
0  1  3  61  4000
0  1  8  23  4000
0  1  9  8  4000
0  1  12  31  4000
0  1  14  10  4000
0  1  27  58  4000
0  1  30  27  4000
0  1  32  44  4000
0  1  42  38  4000
0  1  44  17  4000
0  1  57  54  4000
0  1  59  42  4000
1  2  2  9  4000
1  2  5  4  4000
1  2  8  16  4000
1  2  9  46  4000
1  2  16  52  4000
1  2  35  60  4000
1  2  42  24  4000
1  2  45  35  4000
1  2  51  33  4000
1  2  55  55  4000
1  2  60  24  4000
1  2  63  25  4000
2  3  1  42  4000
2  3  4  38  4000
2  3  33  30  4000
2  3  37  31  4000
2  3  47  0  4000
2  3  58  17  4000
0  1  16  36  6000
0  1  20  19  6000
0  1  24  52  6000
0  1  27  53  6000
0  1  31  48  6000
0  1  56  54  6000
0  1  57  59  6000
1  2  6  44  6000
1  2  8  5  6000
1  2  12  19  6000
1  2  15  27  6000
1  2  41  54  6000
1  2  43  43  6000
1  2  44  53  6000
1  2  46  46  6000
1  2  62  57  6000
2  3  3  41  6000
2  3  11  24  6000
2  3  12  52  6000
2  3  19  28  6000
2  3  49  5  6000
2  3  53  62  6000
2  3  54  1  6000
2  3  59  61  6000
2  3  60  8  6000
2  3  62  6  6000
0  1  2  31  8000
0  1  3  53  8000
0  1  22  0  8000
0  1  26  36  8000
0  1  41  21  8000
0  1  57  29  8000
1  2  1  22  8000
1  2  9  44  8000
1  2  12  20  8000
1  2  39  30  8000
1  2  42  52  8000
1  2  43  14  8000
1  2  45  19  8000
2  3  6  61  8000
2  3  17  60  8000
2  3  25  42  8000
2  3  48  8  8000
2  3  53  12  8000
2  3  56  21  8000
2  3  59  7  8000
2  3  62  52  8000
0  1  2  48  10000
0  1  6  59  10000
0  1  14  44  10000
0  1  23  48  10000
0  1  34  63  10000
0  1  46  12  10000
0  1  53  37  10000
1  2  6  28  10000
1  2  14  15  10000
1  2  21  29  10000
1  2  32  5  10000
1  2  36  17  10000
1  2  59  35  10000
1  2  61  58  10000
1  2  62  27  10000
2  3  1  42  10000
2  3  3  26  10000
2  3  4  26  10000
2  3  16  3  10000
2  3  17  45  10000
2  3  22  53  10000
2  3  28  28  10000
2  3  30  38  10000
2  3  33  61  10000
2  3  36  56  10000
2  3  37  10  10000
2  3  39  16  10000
2  3  48  14  10000
2  3  59  54  10000
